63 6 5
NTop NFop NCop DDL Nthr Nite 0.5 0.125 0.03125 0.0078125 0.001953125 
306856 80400 2528 2 100 2 0.00296204 0.00308874 0.00312911 0.00310265 0.00311913 
1223706 320800 10053 2 200 2 0.0251416 0.0224531 0.0225198 0.0225287 0.022558 
4887406 1281600 40103 2 400 2 0.171489 0.178141 0.178968 0.177592 0.179636 
10991106 2882400 90153 2 600 2 0.578555 0.599119 0.586992 0.587904 0.58886 
19534806 5123200 160203 2 800 2 1.37081 1.37763 1.37957 1.3865 1.382 
30518506 8004000 250253 2 1000 2 2.67072 2.76233 2.71045 2.70337 2.71008 
68652756 18006000 562878 2 1500 2 9.68439 9.20788 9.17923 9.18729 9.18215 
122037006 32008000 1000503 2 2000 2 21.5941 21.8778 21.9863 21.9429 21.8525 
190671256 50010000 1563128 2 2500 2 42.5416 42.8932 42.9117 43.0048 42.9529 
306856 80400 2528 2 100 4 0.00507639 0.00215345 0.00207157 0.00191726 0.0018682 
1223706 320800 10053 2 200 4 0.0266791 0.0126525 0.0130807 0.0128883 0.0126924 
4887406 1281600 40103 2 400 4 0.177267 0.0927423 0.096898 0.0954179 0.0965605 
10991106 2882400 90153 2 600 4 0.717952 0.308058 0.324586 0.320799 0.320961 
19534806 5123200 160203 2 800 4 1.4231 0.71875 0.739828 0.739197 0.763956 
30518506 8004000 250253 2 1000 4 2.76562 1.41239 1.42883 1.45509 1.43095 
68652756 18006000 562878 2 1500 4 9.48652 4.80674 4.8318 4.93059 4.82986 
122037006 32008000 1000503 2 2000 4 24.5525 11.4258 11.6229 11.3938 11.6487 
190671256 50010000 1563128 2 2500 4 44.1492 22.5477 22.4534 22.6263 22.5323 
306856 80400 2528 2 100 6 0.0033327 0.0014805 0.00125504 0.00128204 0.00126481 
1223706 320800 10053 2 200 6 0.0260047 0.0120634 0.00867026 0.00897614 0.00902034 
4887406 1281600 40103 2 400 6 0.184232 0.0968174 0.0669633 0.0666376 0.0672801 
10991106 2882400 90153 2 600 6 0.619931 0.315471 0.21964 0.21708 0.222056 
19534806 5123200 160203 2 800 6 1.47632 0.739838 0.529974 0.526471 0.524202 
30518506 8004000 250253 2 1000 6 2.86197 1.447 1.02211 1.00487 1.01964 
68652756 18006000 562878 2 1500 6 9.56983 4.89476 3.45149 3.41301 3.42839 
122037006 32008000 1000503 2 2000 6 22.4503 11.558 7.85394 7.85967 7.89629 
190671256 50010000 1563128 2 2500 6 44.1109 22.766 15.6418 15.6152 15.5184 
306856 80400 2528 2 100 8 0.00366675 0.00153222 0.00104661 0.00104334 0.00104452 
1223706 320800 10053 2 200 8 0.0254622 0.0126781 0.00704514 0.00684464 0.00724142 
4887406 1281600 40103 2 400 8 0.195594 0.099375 0.0554283 0.0542866 0.0539379 
10991106 2882400 90153 2 600 8 0.645769 0.326258 0.17399 0.172615 0.173729 
19534806 5123200 160203 2 800 8 1.51859 0.772172 0.418755 0.408592 0.402924  
30518506 8004000 250253 2 1000 8 2.90305 1.49889 0.772882 0.771767 0.773956 
68652756 18006000 562878 2 1500 8 9.81034 5.04064 2.62061 2.65978 2.62522 
122037006 32008000 1000503 2 2000 8 22.7143 10.2023 6.31235 6.20249 6.21777
190671256 50010000 1563128 2 2500 8 44.4343 23.1038 12.396 12.2662 12.4072 
306856 80400 2528 2 100 10 0.00416805 0.00166813 0.000956476 0.000917295 0.000912736 
1223706 320800 10053 2 200 10 0.0258371 0.0124104 0.00574648 0.00580385 0.00569743 
4887406 1281600 40103 2 400 10 0.191711 0.0951831 0.0461723 0.0429457 0.0427951 
10991106 2882400 90153 2 600 10 0.647052 0.306272 0.150998 0.141349 0.138088 
19534806 5123200 160203 2 800 10 1.5395 0.772498 0.373405 0.322136 0.325475 
30518506 8004000 250253 2 1000 10 3.00715 1.49034 0.717264 0.662763 0.665408 
68652756 18006000 562878 2 1500 10 9.70862 4.55211 2.40357 2.20456 2.1926 
122037006 32008000 1000503 2 2000 10 23.3302 10.6456 5.82513 5.15346 5.17246 
190671256 50010000 1563128 2 2500 10 44.0292 19.7717 11.6225 9.76261 9.98281 
306856 80400 2528 2 100 12 0.00424004 0.00167449 0.000841829 0.000811756 0.000818395 
1223706 320800 10053 2 200 12 0.0247268 0.0122317 0.00520021 0.00511231 0.0050398 
4887406 1281600 40103 2 400 12 0.192481 0.0869738 0.0347756 0.0376624 0.0383257 
10991106 2882400 90153 2 600 12 0.728173 0.320889 0.123074 0.121248 0.122028 
19534806 5123200 160203 2 800 12 1.642 0.765506 0.292351 0.276598 0.28267 
30518506 8004000 250253 2 1000 12 2.9652 1.28511 0.594695 0.560459 0.584552 
68652756 18006000 562878 2 1500 12 9.75135 3.79829 1.89411 1.74093 1.77525 
122037006 32008000 1000503 2 2000 12 22.8257 9.4344 4.54709 4.3051 4.30404 
190671256 50010000 1563128 2 2500 12 44.0458 18.2999 8.89309 8.28183 8.51155 
306856 80400 2528 2 100 14 0.00455559 0.00183832 0.00076954 0.000732759 0.000693861 
1223706 320800 10053 2 200 14 0.0241997 0.0115923 0.0048429 0.00399726 0.00399786 
4887406 1281600 40103 2 400 14 0.226713 0.0944726 0.0345034 0.0307984 0.0308214 
10991106 2882400 90153 2 600 14 0.640678 0.317806 0.118136 0.104036 0.103003 
19534806 5123200 160203 2 800 14 1.51986 0.685459 0.288988 0.243592 0.253557 
30518506 8004000 250253 2 1000 14 2.8721 1.24266 0.555171 0.474908 0.479833 
68652756 18006000 562878 2 1500 14 9.5682 4.22584 1.86251 1.73049 1.58148 
122037006 32008000 1000503 2 2000 14 22.4273 8.87512 4.43016 4.12146 3.83208 
190671256 50010000 1563128 2 2500 14 44.431 17.4372 8.79317 7.36168 7.57049  
